0: 208 12 228 12 248 12 268 12
1: 208 39 228 39 248 39 268 39
2: 208 66 228 66 248 66 268 66
3: 208 93 228 93 248 93 268 93
4: 208 120 228 120 248 120 268 120
5: 206 142 226 145 246 147 266 149
6: 200 160 219 169 238 178 257 187
7: 192 178 208 191 224 205 240 219
8: 179 193 191 209 203 225 215 241
9: 162 204 169 222 176 240 183 258
10: 142 208 144 227 146 246 148 265
11: 118 208 118 228 118 248 118 268
12: 92 208 92 228 92 248 92 268
13: 66 208 66 228 66 248 66 268
14: 40 208 40 228 40 248 40 268
15: 14 208 14 228 14 248 14 268
16: 14 291 14 311 14 331 14 351
